0 0.96514 0.60096 0.06971 0.16346
0 0.32572 0.52163 0.1274 0.21154
0 0.3125 0.36899 0.04327 0.05048
0 0.66226 0.35817 0.05048 0.05288
0 0.80288 0.52644 0.11058 0.19231
0 0.95072 0.48438 0.05048 0.07933
0 0.84135 0.47476 0.0625 0.13221
0 0.56971 0.33654 0.04808 0.04808
0 0.52163 0.33173 0.02885 0.03365
0 0.49519 0.33413 0.03365 0.03846
0 0.44111 0.33413 0.03606 0.03365
1 0.41226 0.65986 0.09856 0.08894
1 0.48438 0.46755 0.05048 0.04567
1 0.44231 0.41587 0.02404 0.02885
0 0.98317 0.49038 0.03365 0.08654
0 0.34375 0.31971 0.03365 0.03846
