0 0.20793 0.50841 0.11298 0.15625
0 0.05649 0.60938 0.11298 0.18029
0 0.04688 0.47476 0.07933 0.10817
0 0.29327 0.37019 0.05769 0.07692
0 0.34736 0.33293 0.05529 0.05529
0 0.40385 0.31611 0.04327 0.05529
0 0.44231 0.29087 0.03365 0.03846
0 0.25361 0.33534 0.04087 0.04567
0 0.9375 0.36538 0.02885 0.03846
0 0.97716 0.39062 0.03125 0.05048
0 0.90024 0.34856 0.02644 0.03846
0 0.88101 0.33534 0.03125 0.03125
0 0.36659 0.29087 0.03125 0.03365
0 0.29808 0.30769 0.03846 0.03846
0 0.20192 0.31971 0.03365 0.03365
